psnr: 10.002418617059877
ssim: 0.4067383642597194
L1: 100959.8984375
clip: 1000000.0
